934284152 32601 934284152 32601 7633012 0 0 0 48 0 32 0 22105216 0 934285848 32601 
934285848 32601 934285848 32601 22105376 0 22105376 0 0 0 0 0 0 0 0 0 
934284152 32601 934284152 32601 0 0 0 0 -1 0 0 0 0 0 22105616 0 
934284152 32601 934284152 32601 0 0 0 0 0 0 0 0 0 0 934278880 32601 
934284152 32601 934284152 32601 0 0 0 0 0 0 0 0 0 0 0 0 
934284152 32601 934284152 32601 0 0 0 0 0 0 0 0 0 0 0 0 
934284152 32601 934284152 32601 0 0 0 0 0 0 0 0 0 0 0 0 
934284152 32601 934284152 32601 0 0 0 0 0 0 0 0 0 0 0 0 
934284152 32601 934284152 32601 0 0 0 0 0 0 0 0 0 0 0 0 
934284152 32601 934284152 32601 0 0 0 0 0 0 0 0 0 0 0 0 
934284152 32601 934284152 32601 0 0 0 0 0 0 0 0 0 0 0 0 
934284152 32601 934284152 32601 0 0 0 0 0 0 0 0 0 0 0 0 
934284152 32601 934284152 32601 0 0 0 0 0 0 0 0 0 0 0 0 
934284152 32601 934284152 32601 0 0 0 0 0 0 0 0 0 0 0 0 
934284152 32601 934284152 32601 0 0 0 0 0 0 0 0 0 0 0 0 
934284152 32601 934284152 32601 0 0 0 0 0 0 0 0 0 0 0 0 
